date,open,high,low,close,volume,name
2017-03-03,48.89,49.13,48.01,48.06,1489430.0,TXT
2017-03-06,47.38,48.28,47.38,48.07,1393460.0,TXT
2017-03-07,47.79,48.23,47.665,47.85,1495409.0,TXT
2017-03-08,47.87,48.075,47.6,48.02,1404204.0,TXT
2017-03-09,48.09,48.32,47.34,47.43,1612352.0,TXT
2017-03-10,47.73,47.76,47.17,47.63,1234657.0,TXT
2017-03-13,47.59,47.89,47.38,47.38,1104861.0,TXT
2017-03-14,47.12,47.25,46.79,47.2,1112191.0,TXT
2017-03-15,47.39,47.97,47.29,47.84,977184.0,TXT
2017-03-16,48.0,48.08,47.35,47.65,964776.0,TXT
2017-03-17,47.78,48.07,47.4,47.74,2082490.0,TXT
2017-03-20,47.78,48.24,47.56,47.63,1258848.0,TXT
2017-03-21,47.91,47.93,46.52,46.78,1988210.0,TXT
2017-03-22,46.73,47.32,46.46,47.12,1081599.0,TXT
2017-03-23,47.05,47.4,46.855,46.91,1012313.0,TXT
2017-03-24,46.97,47.025,45.96,46.15,1573062.0,TXT
2017-03-27,45.61,46.535,45.19,46.36,1168589.0,TXT
2017-03-28,46.29,47.41,46.17,46.99,948311.0,TXT
2017-03-29,46.83,47.28,46.69,47.09,909668.0,TXT
2017-03-30,47.11,47.55,46.96,47.32,939910.0,TXT
2017-03-31,47.22,47.705,47.21,47.59,2165491.0,TXT
2017-04-03,47.56,47.66,46.61,46.92,1547969.0,TXT
2017-04-04,46.79,47.29,46.73,47.2,999166.0,TXT
2017-04-05,47.44,47.85,46.91,46.94,1383078.0,TXT
2017-04-06,46.99,47.5,46.72,47.42,638266.0,TXT
2017-04-07,47.54,48.0,47.1928,47.67,1088107.0,TXT
2017-04-10,47.68,48.41,47.57,48.16,1461302.0,TXT
2017-04-11,47.93,48.01,47.36,48.0,1165115.0,TXT
2017-04-12,47.87,47.87,47.33,47.46,1492415.0,TXT
2017-04-13,47.19,47.62,46.53,46.54,1661088.0,TXT
2017-04-17,46.84,47.01,46.501,46.85,1299450.0,TXT
2017-04-18,46.63,47.45,46.52,47.34,2613660.0,TXT
2017-04-19,46.0,46.87,45.63,46.01,2938847.0,TXT
2017-04-20,45.98,46.275,45.36,45.91,3776420.0,TXT
2017-04-21,46.16,47.01,46.16,46.66,2681627.0,TXT
2017-04-24,47.36,47.97,46.775,46.95,2289462.0,TXT
2017-04-25,47.1,47.37,46.96,47.03,1748066.0,TXT
2017-04-26,46.99,47.41,46.99,47.15,1631193.0,TXT
2017-04-27,47.15,47.34,46.88,47.08,955453.0,TXT
2017-04-28,47.14,47.17,46.61,46.66,1710211.0,TXT
2017-05-01,46.71,46.74,46.09,46.13,1724484.0,TXT
2017-05-02,46.1,46.21,45.67,45.75,2460814.0,TXT
2017-05-03,45.69,46.28,45.6,46.23,1290296.0,TXT
2017-05-04,46.29,46.46,45.93,46.25,768868.0,TXT
2017-05-05,46.33,46.63,46.21,46.62,750780.0,TXT
2017-05-08,46.61,46.93,46.555,46.69,960801.0,TXT
2017-05-09,46.7,47.33,46.52,47.08,1417085.0,TXT
2017-05-10,47.05,47.11,46.52,46.88,853447.0,TXT
2017-05-11,46.69,48.67,46.54,48.57,4784442.0,TXT
2017-05-12,48.58,48.61,47.71,48.08,1859072.0,TXT
2017-05-15,48.09,48.3,47.87,47.97,848428.0,TXT
2017-05-16,48.02,48.32,47.77,48.18,890828.0,TXT
2017-05-17,47.51,47.66,46.12,46.19,2342273.0,TXT
2017-05-18,46.09,46.53,45.46,46.13,1124771.0,TXT
2017-05-19,46.25,46.91,46.2,46.49,1246907.0,TXT
2017-05-22,46.98,47.23,46.72,46.78,1105982.0,TXT
2017-05-23,46.95,47.15,46.62,47.12,1213075.0,TXT
2017-05-24,47.18,47.705,47.18,47.47,663403.0,TXT
2017-05-25,47.58,48.3475,47.52,48.17,1049630.0,TXT
2017-05-26,48.07,48.5,47.95,48.16,758457.0,TXT
2017-05-30,48.06,48.34,47.83,47.99,1628043.0,TXT
2017-05-31,48.14,48.1509,47.455,47.8,1387846.0,TXT
2017-06-01,47.88,48.25,47.43,47.72,1215354.0,TXT
2017-06-02,47.74,48.0,47.6676,47.75,1076964.0,TXT
2017-06-05,47.66,47.895,46.94,47.04,1051710.0,TXT
2017-06-06,46.72,47.36,46.58,46.96,970111.0,TXT
2017-06-07,47.13,47.15,46.81,46.84,1167147.0,TXT
2017-06-08,46.78,47.08,46.54,46.99,1422752.0,TXT
2017-06-09,47.04,47.35,46.96,47.29,1227826.0,TXT
2017-06-12,47.31,47.44,46.87,47.24,997943.0,TXT
2017-06-13,47.3,47.77,47.15,47.68,868017.0,TXT
2017-06-14,47.53,47.75,47.22,47.4,627725.0,TXT
2017-06-15,47.13,47.38,46.87,47.29,978713.0,TXT
2017-06-16,47.25,47.66,47.08,47.44,2142226.0,TXT
2017-06-19,47.64,48.345,47.4,48.1,1262069.0,TXT
2017-06-20,47.97,48.05,46.86,46.88,982396.0,TXT
2017-06-21,47.0,47.07,46.065,46.19,1609879.0,TXT
2017-06-22,46.19,46.5,45.345,45.37,1666748.0,TXT
2017-06-23,45.37,46.11,45.0,45.78,5240563.0,TXT
2017-06-26,45.89,46.13,45.54,45.57,1460062.0,TXT
2017-06-27,45.59,46.5961,45.51,46.45,2597618.0,TXT
2017-06-28,46.74,47.32,46.625,46.98,899406.0,TXT
2017-06-29,47.08,47.5,46.23,46.64,1161619.0,TXT
2017-06-30,46.91,47.4,46.65,47.1,1169945.0,TXT
2017-07-03,47.39,48.0,47.0,47.73,454347.0,TXT
2017-07-05,47.71,48.14,47.55,48.03,1317552.0,TXT
2017-07-06,47.97,48.095,47.41,47.43,1375963.0,TXT
2017-07-07,47.58,48.35,47.53,48.06,1168038.0,TXT
2017-07-10,48.08,48.78,47.86,48.52,930627.0,TXT
2017-07-11,48.52,48.86,48.0952,48.73,1188140.0,TXT
2017-07-12,49.0,49.26,48.68,48.81,1080513.0,TXT
2017-07-13,48.96,49.27,48.83,49.19,932128.0,TXT
2017-07-14,49.36,49.77,49.3,49.64,967662.0,TXT
2017-07-17,49.54,49.86,49.35,49.52,912057.0,TXT
2017-07-18,49.41,49.77,49.19,49.54,1872452.0,TXT
2017-07-19,50.1,50.15,48.48,48.67,3114123.0,TXT
2017-07-20,48.75,49.77,48.58,48.63,2187481.0,TXT
2017-07-21,48.0,48.695,47.84,48.49,2538195.0,TXT
2017-07-24,48.45,48.885,48.2,48.79,1464034.0,TXT
2017-07-25,49.22,49.54,48.635,49.29,1499214.0,TXT
2017-07-26,49.43,49.72,48.71,49.11,1125221.0,TXT
2017-07-27,49.1,49.1,48.19,48.5,978101.0,TXT
2017-07-28,48.49,49.33,48.18,49.25,953305.0,TXT
2017-07-31,49.25,49.33,48.97,49.13,1078882.0,TXT
2017-08-01,49.19,49.34,49.03,49.31,808450.0,TXT
2017-08-02,49.36,49.74,49.11,49.36,1174672.0,TXT
2017-08-03,49.27,49.41,48.92,49.04,1011735.0,TXT
2017-08-04,49.19,49.34,49.03,49.31,808450.0,TXT
2017-08-07,49.34,49.44,48.76,49.4,858035.0,TXT
2017-08-08,49.3,49.49,48.91,49.06,1047286.0,TXT
2017-08-09,49.07,49.25,48.51,49.13,1275822.0,TXT
2017-08-10,48.95,49.06,48.23,48.24,1172572.0,TXT
2017-08-11,48.18,48.735,47.75,48.48,966039.0,TXT
2017-08-14,48.86,49.15,48.51,48.95,637713.0,TXT
2017-08-15,48.98,49.15,48.83,49.09,697294.0,TXT
2017-08-16,49.17,49.59,49.0,49.13,1050877.0,TXT
2017-08-17,48.99,49.06,48.1,48.12,910352.0,TXT
2017-08-18,48.04,48.09,47.55,47.69,1037036.0,TXT
2017-08-21,47.76,47.76,47.24,47.53,1021145.0,TXT
2017-08-22,47.7,48.22,47.5,48.06,1211788.0,TXT
2017-08-23,47.89,48.46,47.7976,47.99,1143919.0,TXT
2017-08-24,48.07,48.18,47.72,47.94,918482.0,TXT
2017-08-25,48.2,48.62,47.95,48.43,1244130.0,TXT
2017-08-28,48.54,48.69,48.03,48.09,730408.0,TXT
2017-08-29,47.87,48.29,47.7887,48.16,1339219.0,TXT
2017-08-30,48.23,49.0472,48.16,48.97,896809.0,TXT
2017-08-31,49.12,49.35,48.92,49.09,1154001.0,TXT
2017-09-01,49.3,49.66,49.23,49.23,792357.0,TXT
2017-09-05,49.14,49.5,48.52,48.7,1582939.0,TXT
2017-09-06,49.0,49.22,48.62,48.79,1211354.0,TXT
2017-09-07,48.82,48.83,48.45,48.71,749446.0,TXT
2017-09-08,48.6,49.25,48.51,49.24,740709.0,TXT
2017-09-11,49.99,51.19,49.65,51.19,2883742.0,TXT
2017-09-12,51.23,52.43,51.2,52.41,2788971.0,TXT
2017-09-13,52.31,52.89,52.23,52.35,1727521.0,TXT
2017-09-14,52.14,52.42,51.56,51.76,1471346.0,TXT
2017-09-15,51.65,51.95,51.12,51.61,2331737.0,TXT
2017-09-18,51.78,52.49,51.74,52.46,1365649.0,TXT
2017-09-19,52.5,52.87,52.28,52.74,1261402.0,TXT
2017-09-20,52.77,53.58,52.77,53.12,1407604.0,TXT
2017-09-21,53.14,53.34,52.91,53.06,971909.0,TXT
2017-09-22,53.04,53.205,52.68,53.09,1065197.0,TXT
2017-09-25,53.1,53.24,52.487,53.07,631176.0,TXT
2017-09-26,53.12,53.39,52.93,53.13,1078949.0,TXT
2017-09-27,53.43,54.07,53.16,53.96,1597944.0,TXT
2017-09-28,53.72,54.05,53.0,53.58,984385.0,TXT
2017-09-29,53.64,53.895,53.27,53.88,722972.0,TXT
2017-10-02,54.01,54.61,53.82,54.57,1237246.0,TXT
2017-10-03,54.63,54.69,54.27,54.5,1348769.0,TXT
2017-10-04,54.48,55.01,54.22,54.99,1585918.0,TXT
2017-10-05,55.1,55.76,55.05,55.65,1369114.0,TXT
2017-10-06,55.49,55.79,55.33,55.49,855884.0,TXT
2017-10-09,55.64,55.8,55.14,55.33,637113.0,TXT
2017-10-10,55.49,55.49,54.2601,54.4,1424203.0,TXT
2017-10-11,54.46,54.55,53.73,53.92,2701320.0,TXT
2017-10-12,53.92,54.11,53.415,53.55,2994644.0,TXT
2017-10-13,53.61,53.78,53.24,53.26,3174145.0,TXT
2017-10-16,53.34,53.605,53.071,53.34,1123505.0,TXT
2017-10-17,53.19,53.45,52.81,53.07,1520200.0,TXT
2017-10-18,53.23,53.68,52.91,53.57,3233381.0,TXT
2017-10-19,52.33,53.13,51.07,53.1,4174257.0,TXT
2017-10-20,53.33,54.03,52.8,53.74,3015183.0,TXT
2017-10-23,53.76,54.13,53.6,53.7,1750091.0,TXT
2017-10-24,53.7,54.64,53.7,54.42,1740387.0,TXT
2017-10-25,54.29,54.57,53.52,53.71,1241634.0,TXT
2017-10-26,53.99,54.32,53.19,53.76,1187875.0,TXT
2017-10-27,53.57,53.9,52.84,53.03,1693984.0,TXT
2017-10-30,52.8,52.94,52.4275,52.6,1348815.0,TXT
2017-10-31,52.66,52.93,52.49,52.74,1398155.0,TXT
2017-11-01,53.01,53.55,52.96,53.4,1508847.0,TXT
2017-11-02,53.29,54.528,52.93,54.28,1311814.0,TXT
2017-11-03,54.17,54.56,53.81,54.55,1217265.0,TXT
2017-11-06,54.55,54.69,54.2,54.43,837179.0,TXT
2017-11-07,54.45,54.8,54.07,54.28,781880.0,TXT
2017-11-08,54.28,54.95,54.08,54.85,1082719.0,TXT
2017-11-09,55.03,55.24,54.02,54.4,922312.0,TXT
2017-11-10,54.21,54.75,54.01,54.27,1104346.0,TXT
2017-11-13,54.03,54.185,53.58,53.7,1875099.0,TXT
2017-11-14,53.53,53.83,53.34,53.57,875945.0,TXT
2017-11-15,53.0,53.23,52.33,52.47,1366782.0,TXT
2017-11-16,52.64,53.2,52.5,52.9,1631290.0,TXT
2017-11-17,52.74,53.53,52.61,52.97,1467992.0,TXT
2017-11-20,53.19,53.57,52.85,53.48,1503712.0,TXT
2017-11-21,53.78,54.01,53.6,53.69,1217245.0,TXT
2017-11-22,53.71,53.85,53.41,53.53,953783.0,TXT
2017-11-24,53.67,53.8,53.28,53.3,523302.0,TXT
2017-11-27,53.35,53.78,53.225,53.48,1081223.0,TXT
2017-11-28,53.74,54.39,53.59,54.32,1527613.0,TXT
2017-11-29,54.41,54.97,54.37,54.84,904240.0,TXT
2017-11-30,55.04,55.83,54.52,55.71,1656091.0,TXT
2017-12-01,55.71,55.8,53.38,54.89,1451405.0,TXT
2017-12-04,55.64,56.47,55.18,55.18,1975479.0,TXT
2017-12-05,55.48,55.48,53.98,54.01,1342883.0,TXT
2017-12-06,53.98,54.49,53.91,53.92,1281588.0,TXT
2017-12-07,53.83,55.02,53.81,54.79,1088815.0,TXT
2017-12-08,55.06,55.2,54.72,54.84,1087983.0,TXT
2017-12-11,54.91,55.18,54.52,54.63,1016870.0,TXT
2017-12-12,54.68,55.05,54.56,54.57,842074.0,TXT
2017-12-13,54.54,55.1725,54.361,54.62,1132174.0,TXT
2017-12-14,54.65,54.91,54.25,54.38,823903.0,TXT
2017-12-15,54.67,55.6,54.63,55.22,2583254.0,TXT
2017-12-18,55.5,56.26,55.29,56.19,1143350.0,TXT
2017-12-19,56.26,56.58,56.05,56.35,1271692.0,TXT
2017-12-20,56.795,57.32,56.56,57.0,1732308.0,TXT
2017-12-21,57.27,57.71,56.91,57.18,2160819.0,TXT
2017-12-22,57.095,57.24,56.705,56.76,947577.0,TXT
2017-12-26,56.82,57.17,56.78,56.88,473470.0,TXT
2017-12-27,57.05,57.165,56.72,56.97,852067.0,TXT
2017-12-28,57.0,57.03,56.83,57.0,455614.0,TXT
2017-12-29,57.18,57.18,56.58,56.59,603342.0,TXT
2018-01-02,56.9,57.32,56.57,57.3,1186756.0,TXT
2018-01-03,57.03,57.795,57.0,57.63,1131159.0,TXT
2018-01-04,57.8,57.9,57.3,57.58,1190114.0,TXT
2018-01-05,57.95,58.51,57.4,58.5,2244135.0,TXT
2018-01-08,58.64,58.71,57.98,58.35,1237538.0,TXT
2018-01-09,58.43,58.6986,58.26,58.45,934984.0,TXT
2018-01-10,58.4,58.61,58.18,58.4,570878.0,TXT
2018-01-11,58.51,59.12,58.5,59.09,1047652.0,TXT
2018-01-12,59.39,60.185,59.27,60.15,1214072.0,TXT
2018-01-16,60.46,60.54,58.36,58.78,1584291.0,TXT
2018-01-17,59.04,59.45,58.65,59.17,988158.0,TXT
2018-01-18,59.26,59.39,58.77,58.81,937663.0,TXT
2018-01-19,59.18,59.18,58.62,58.9,1204057.0,TXT
2018-01-22,58.93,59.12,58.44,59.09,1116915.0,TXT
2018-01-23,59.06,59.29,58.63,59.1,877547.0,TXT
2018-01-24,59.2,60.37,59.17,59.71,1751202.0,TXT
2018-01-25,59.98,60.6901,59.59,60.53,1386021.0,TXT
2018-01-26,60.71,60.95,60.06,60.86,1255421.0,TXT
2018-01-29,60.9,62.19,60.871,61.22,1695671.0,TXT
2018-01-30,60.89,61.07,60.12,60.18,1630752.0,TXT
2018-01-31,58.3,60.34,57.87,58.67,2675208.0,TXT
2018-02-01,58.7,60.35,58.61,59.84,2262077.0,TXT
2018-02-02,59.49,60.14,58.94,59.06,1747178.0,TXT
2018-02-05,58.2,59.85,56.15,56.66,2760228.0,TXT
2018-02-06,55.63,57.46,54.945,57.1,2487169.0,TXT
2018-02-07,57.01,58.83,56.95,57.91,1857372.0,TXT
2013-02-08,35.39,35.525,35.16,35.27,18275496.0,T
2013-02-11,35.26,35.315,35.06,35.23,13687717.0,T
2013-02-12,35.25,35.67,35.23,35.6,16958584.0,T
2013-02-13,35.67,35.81,35.34,35.42,17410587.0,T
2013-02-14,35.42,35.44,35.03,35.29,26205412.0,T
2013-02-15,35.32,35.55,35.15,35.36,24864706.0,T
2013-02-19,35.37,35.69,35.37,35.67,16879566.0,T
2013-02-20,35.68,35.98,35.46,35.47,35662956.0,T
2013-02-21,35.36,35.62,35.0,35.43,25156525.0,T
2013-02-22,35.45,35.7,35.22,35.68,20826009.0,T
2013-02-25,35.77,36.08,35.19,35.19,32529864.0,T
2013-02-26,35.54,35.7,35.4,35.49,26263691.0,T
2013-02-27,35.55,35.9,35.46,35.85,23526378.0,T
2013-02-28,35.8,36.25,35.75,35.91,31861213.0,T
2013-03-01,35.69,36.08,35.63,36.01,23505442.0,T
2013-03-04,36.0,36.27,35.91,36.23,18657708.0,T
2013-03-05,36.53,36.7,36.5,36.6,22609255.0,T
2013-03-06,36.64,36.82,36.28,36.29,20448397.0,T
2013-03-07,36.37,36.52,36.15,36.39,19230782.0,T
2013-03-08,36.54,36.74,36.54,36.68,21496605.0,T
2013-03-11,36.65,36.77,36.4,36.6,20018962.0,T
2013-03-12,36.56,36.84,36.5199,36.72,19617202.0,T
2013-03-13,36.73,36.82,36.56,36.6,15061698.0,T
2013-03-14,36.67,36.87,36.59,36.86,19521163.0,T
2013-03-15,36.59,36.7,36.235,36.43,51082160.0,T
2013-03-18,36.17,36.34,36.12,36.15,20692700.0,T
2013-03-19,36.26,36.38,36.03,36.14,19853179.0,T
2013-03-20,36.32,36.43,36.12,36.19,29885369.0,T
2013-03-21,36.1,36.25,36.02,36.15,20726402.0,T
2013-03-22,36.18,36.52,36.18,36.43,23911963.0,T
2013-03-25,36.47,36.59,36.3,36.39,23707593.0,T
2013-03-26,36.54,36.77,36.35,36.74,18428933.0,T
2013-03-27,36.55,36.79,36.5,36.62,17376437.0,T
2013-03-28,36.69,36.83,36.5,36.69,37398731.0,T
2013-04-01,36.71,37.32,36.71,37.25,24210093.0,T
2013-04-02,37.48,37.69,37.32,37.57,26226670.0,T
2013-04-03,37.51,37.6,37.21,37.28,24289883.0,T
2013-04-04,37.35,37.96,37.32,37.91,72852651.0,T
2013-04-05,37.65,38.05,37.59,38.02,76494286.0,T
2013-04-08,37.51,37.79,37.48,37.62,23617218.0,T
2013-04-09,37.68,37.89,37.51,37.76,22546992.0,T
2013-04-10,37.8,38.3,37.76,38.18,19072935.0,T
2013-04-11,38.15,38.8,38.15,38.54,25493534.0,T
2013-04-12,38.42,38.64,38.42,38.59,19725380.0,T
2013-04-15,38.27,38.55,37.91,37.95,29249184.0,T
2013-04-16,38.25,38.28,37.92,37.94,24483389.0,T
2013-04-17,37.8,38.0,37.55,37.78,22473090.0,T
2013-04-18,38.11,38.13,37.68,37.74,20199969.0,T
2013-04-19,37.86,38.36,37.76,38.28,24528024.0,T
2013-04-22,38.42,38.76,38.34,38.73,21501371.0,T
2013-04-23,38.8,39.0,38.35,39.0,25024247.0,T
2013-04-24,37.09,37.26,36.63,37.04,61126707.0,T
2013-04-25,37.25,37.44,37.07,37.28,35808173.0,T
2013-04-26,37.28,37.31,36.88,37.04,33209800.0,T
2013-04-29,37.12,37.34,37.02,37.3,18918838.0,T
2013-04-30,37.37,37.62,37.275,37.46,24155125.0,T
2013-05-01,37.46,37.97,37.46,37.56,21837743.0,T
2013-05-02,37.62,37.84,37.41,37.56,16463411.0,T
2013-05-03,37.87,37.88,37.22,37.34,20239852.0,T
2013-05-06,37.29,37.33,37.07,37.09,12097654.0,T
2013-05-07,37.19,37.52,37.09,37.52,14693196.0,T
2013-05-08,37.43,37.85,37.36,37.83,15173013.0,T
2013-05-09,37.7,37.78,37.195,37.33,23605097.0,T
2013-05-10,37.45,37.53,37.17,37.36,18183189.0,T
2013-05-13,37.3,37.32,36.94,37.0,18558061.0,T
2013-05-14,36.99,37.23,36.855,37.23,19480946.0,T
2013-05-15,37.34,37.83,37.29,37.53,23061322.0,T
2013-05-16,37.42,37.615,37.33,37.38,13668172.0,T
2013-05-17,37.35,37.47,37.185,37.44,16720388.0,T
2013-05-20,37.4,37.44,37.13,37.22,14654132.0,T
2013-05-21,37.24,37.24,36.8,36.94,24868313.0,T
2013-05-22,36.94,37.17,36.45,36.62,28599046.0,T
2013-05-23,36.37,36.81,36.35,36.74,18068996.0,T
2013-05-24,36.53,36.78,36.45,36.75,14437087.0,T
2013-05-28,37.04,37.15,36.16,36.18,29432860.0,T
2013-05-29,36.05,36.06,35.5,35.91,28739815.0,T
2013-05-30,35.84,36.08,35.5,35.5,25094433.0,T
2013-05-31,35.33,35.5,34.9825,34.99,35793833.0,T
2013-06-03,34.99,35.21,34.58,35.07,29763093.0,T
2013-06-04,35.19,35.865,35.15,35.67,40469392.0,T
2013-06-05,35.66,35.72,35.25,35.26,22863219.0,T
2013-06-06,35.21,35.86,35.1,35.81,23060785.0,T
2013-06-07,35.97,36.05,35.38,35.45,26050767.0,T
2013-06-10,35.87,36.11,35.69,35.99,21853443.0,T
2013-06-11,35.86,36.2,35.72,35.76,26000863.0,T
2013-06-12,36.0,36.1401,35.57,35.62,16955402.0,T
2013-06-13,35.61,36.39,35.61,36.3,20142933.0,T
2013-06-14,36.2,36.315,35.89,35.91,23972372.0,T
2013-06-17,36.07,36.14,35.48,35.76,23364062.0,T
2013-06-18,35.83,36.35,35.79,36.17,15357829.0,T
2013-06-19,36.06,36.14,35.25,35.25,24452871.0,T
2013-06-20,35.0,35.2,34.32,34.35,31788552.0,T
2013-06-21,34.55,34.73,34.1,34.47,97456988.0,T
2013-06-24,34.31,34.85,34.13,34.46,71220718.0,T
2013-06-25,34.69,35.21,34.54,35.03,67156524.0,T
2013-06-26,35.42,35.49,35.09,35.33,21919588.0,T
2013-06-27,35.53,35.95,35.5,35.63,18252869.0,T
2013-06-28,35.55,35.69,35.31,35.4,23922696.0,T
2013-07-01,35.4,35.68,35.19,35.3,19903884.0,T
2013-07-02,35.29,35.8,35.15,35.53,18636568.0,T
2013-07-03,35.47,35.74,35.2,35.62,11599976.0,T
2013-07-05,35.8,35.9,35.25,35.83,17139718.0,T
2013-07-08,35.62,35.6899,35.39,35.58,15853517.0,T
2013-07-09,35.77,35.83,35.54,35.6,14487596.0,T
2013-07-10,35.59,35.68,35.25,35.39,17921214.0,T
2013-07-11,35.75,36.01,35.68,35.87,23083931.0,T
2013-07-12,35.88,35.91,35.555,35.81,19070587.0,T
2013-07-15,35.68,35.76,35.26,35.55,17175520.0,T
2013-07-16,35.62,35.9,35.6,35.88,17602794.0,T
2013-07-17,35.96,36.31,35.9,35.96,16812054.0,T
2013-07-18,35.86,35.99,35.61,35.74,19576883.0,T
2013-07-19,35.83,35.85,35.52,35.81,21155377.0,T
2013-07-22,35.77,35.89,35.54,35.58,19211883.0,T
2013-07-23,35.75,35.95,35.5,35.81,22938843.0,T
2013-07-24,35.39,35.5,34.93,35.4,30938599.0,T
2013-07-25,35.18,35.57,35.16,35.46,22084187.0,T
2013-07-26,35.41,35.7,35.31,35.6,14159011.0,T
2013-07-29,35.64,36.0,35.57,35.88,16625363.0,T
2013-07-30,36.0,36.07,35.41,35.42,19092855.0,T
2013-07-31,35.43,35.58,35.22,35.27,21328569.0,T
2013-08-01,35.65,35.82,35.37,35.72,18436704.0,T
2013-08-02,35.6,35.78,35.51,35.77,21727042.0,T
2013-08-05,35.7,35.85,35.57,35.67,10239002.0,T
2013-08-06,35.62,35.66,35.415,35.48,12804207.0,T
2013-08-07,35.42,35.73,35.42,35.59,13290629.0,T
2013-08-08,35.66,35.72,35.12,35.29,17956742.0,T
2013-08-09,35.26,35.31,34.75,34.8,21541808.0,T
2013-08-12,34.75,34.97,34.73,34.92,15988295.0,T
2013-08-13,34.95,34.99,34.57,34.72,16207755.0,T
2013-08-14,34.76,34.79,34.51,34.77,17403751.0,T
2013-08-15,34.6,34.71,34.35,34.35,17794464.0,T
2013-08-16,34.27,34.38,33.91,34.18,24562700.0,T
2013-08-19,34.1,34.18,33.63,33.79,21123298.0,T
2013-08-20,33.85,34.09,33.78,33.87,16153051.0,T
2013-08-21,33.8,33.85,33.46,33.48,20549545.0,T
2013-08-22,33.5,34.0,33.19,33.82,25915975.0,T
2013-08-23,33.81,34.33,33.75,34.29,29728272.0,T
2013-08-26,34.31,34.41,33.8,33.82,13920542.0,T
2013-08-27,33.57,34.06,33.53,33.69,18670072.0,T
2013-08-28,33.7,33.84,33.58,33.58,16658960.0,T
2013-08-29,33.64,34.06,33.61,33.65,22239125.0,T
2013-08-30,33.65,33.89,33.57,33.83,20389458.0,T
2013-09-03,34.01,34.11,33.24,33.32,30767860.0,T
2013-09-04,33.22,33.75,33.21,33.74,18719298.0,T
2013-09-05,33.77,33.92,33.27,33.34,19829721.0,T
2013-09-06,33.5,33.58,33.225,33.41,19690120.0,T
2013-09-09,33.47,33.72,33.25,33.63,18992589.0,T
2013-09-10,33.88,34.1,33.75,33.97,27691494.0,T
2013-09-11,33.98,34.25,33.87,33.97,20997063.0,T
2013-09-12,33.94,34.45,33.94,34.375,24637184.0,T
2013-09-13,34.51,34.73,34.21,34.32,14228568.0,T
2013-09-16,34.57,34.73,34.36,34.57,15943445.0,T
2013-09-17,34.59,34.85,34.55,34.75,17763542.0,T
2013-09-18,34.73,35.01,34.31,34.95,22818680.0,T
2013-09-19,34.95,34.955,34.68,34.81,15696338.0,T
2013-09-20,34.82,34.85,34.2,34.315,36729077.0,T
2013-09-23,34.4,34.4,33.71,34.22,23220413.0,T
2013-09-24,34.1,34.29,34.01,34.09,18925064.0,T
2013-09-25,34.11,34.37,33.95,34.05,19107390.0,T
2013-09-26,34.17,34.4275,34.09,34.23,16494197.0,T
2013-09-27,34.11,34.15,33.82,33.98,13998038.0,T
2013-09-30,33.78,33.89,33.68,33.82,20819670.0,T
2013-10-01,33.79,34.24,33.76,34.06,16750195.0,T
2013-10-02,33.97,34.06,33.75,33.94,21510231.0,T
2013-10-03,33.91,33.93,33.63,33.64,22428877.0,T
2013-10-04,33.68,33.7948,33.6,33.75,69704238.0,T
2013-10-07,33.68,34.13,33.63,34.0,63360950.0,T
2013-10-08,33.58,33.65,33.09,33.11,32867858.0,T
2013-10-09,33.23,34.1,33.15,33.75,33406723.0,T
2013-10-10,34.09,34.15,33.58,34.15,23818280.0,T
2013-10-11,34.13,34.25,33.93,34.2,23646784.0,T
2013-10-14,33.98,34.1,33.87,33.92,18569153.0,T
2013-10-15,33.87,34.12,33.71,33.71,16322379.0,T
2013-10-16,33.9,34.2,33.89,34.2,18700301.0,T
2013-10-17,34.37,34.44,34.13,34.44,22249665.0,T
2013-10-18,34.52,34.88,34.37,34.61,30466364.0,T
2013-10-21,35.02,35.3,34.88,35.22,29442825.0,T
2013-10-22,35.35,35.38,35.06,35.23,23946509.0,T
2013-10-23,35.07,35.34,34.91,35.279,27261254.0,T
2013-10-24,35.01,35.01,34.23,34.63,33897980.0,T
2013-10-25,34.65,35.24,34.65,35.19,21270171.0,T
2013-10-28,35.27,35.57,35.24,35.57,23753415.0,T
2013-10-29,35.66,36.47,35.65,36.27,45247890.0,T
2013-10-30,36.32,36.4,35.96,36.26,21847561.0,T
2013-10-31,36.25,36.49,36.0,36.2,28789024.0,T
2013-11-01,36.5,36.8,36.16,36.24,41488503.0,T
2013-11-04,36.45,36.52,36.18,36.45,20023965.0,T
2013-11-05,36.25,36.33,35.52,35.53,33648269.0,T
2013-11-06,35.77,36.0,35.72,35.82,20856114.0,T
2013-11-07,35.82,35.82,35.03,35.11,29258077.0,T
2013-11-08,35.0,35.17,34.56,35.17,29731917.0,T
2013-11-11,35.15,35.25,34.97,35.03,12359198.0,T
2013-11-12,35.15,35.32,34.97,35.17,19909069.0,T
2013-11-13,35.0,35.17,34.85,35.07,22327481.0,T
2013-11-14,35.1,35.38,35.06,35.16,13851326.0,T
2013-11-15,35.12,35.48,35.1,35.43,17685950.0,T
2013-11-18,35.47,35.64,35.37,35.6,15037893.0,T
2013-11-19,35.64,35.83,35.56,35.72,12493672.0,T
2013-11-20,35.87,35.93,35.33,35.4,17450535.0,T
2013-11-21,35.45,35.58,35.18,35.3,23021484.0,T
2013-11-22,35.26,35.42,35.05,35.42,16081540.0,T
2013-11-25,35.46,35.55,35.32,35.37,14068834.0,T
2013-11-26,35.4,35.54,35.27,35.28,14180894.0,T
2013-11-27,35.29,35.42,35.195,35.41,11471332.0,T
2013-11-29,35.48,35.53,35.2,35.21,9284687.0,T
2013-12-02,35.18,35.21,34.8,34.8,23704358.0,T
2013-12-03,34.77,34.79,34.52,34.74,17550958.0,T
2013-12-04,34.34,34.65,34.2,34.6,27221623.0,T
2013-12-05,34.42,34.56,34.205,34.25,25111854.0,T
2013-12-06,34.53,34.58,34.3,34.53,19546535.0,T
2013-12-09,34.51,34.73,34.27,34.69,18037110.0,T
2013-12-10,34.79,34.91,34.39,34.4,18389575.0,T
2013-12-11,34.4,34.45,33.92,33.95,27491412.0,T
2013-12-12,34.05,34.13,33.75,33.89,21926961.0,T
2013-12-13,33.88,33.95,33.6,33.85,24865081.0,T
2013-12-16,34.06,34.51,34.06,34.15,21348671.0,T
2013-12-17,34.2,34.29,33.76,33.85,23472799.0,T
2013-12-18,33.88,34.44,33.625,34.38,25851265.0,T
2013-12-19,34.29,34.47,34.13,34.45,20049755.0,T
2013-12-20,34.49,34.62,34.26,34.3,34022161.0,T
2013-12-23,34.46,34.77,34.42,34.69,19954886.0,T
2013-12-24,34.74,34.98,34.7,34.95,7960023.0,T
2013-12-26,34.98,35.18,34.94,35.16,11026250.0,T
2013-12-27,35.06,35.25,34.96,35.18,14113098.0,T
2013-12-30,35.03,35.3001,35.01,35.2,14464997.0,T
2013-12-31,35.17,35.28,34.96,35.16,18429641.0,T
2014-01-02,35.24,35.29,34.95,34.95,20233147.0,T
2014-01-03,35.15,35.16,34.61,34.8,24622450.0,T
2014-01-06,35.01,35.05,34.8,34.96,20791757.0,T
2014-01-07,35.13,35.15,34.905,34.95,25764279.0,T
2014-01-08,34.45,34.6,34.1,34.24,37749958.0,T
2014-01-09,34.24,34.24,33.51,33.54,36121929.0,T
2014-01-10,33.74,33.81,33.51,33.62,25398862.0,T
2014-01-13,33.59,33.65,33.2,33.3,29318988.0,T
2014-01-14,33.33,33.55,33.16,33.48,22907966.0,T
2014-01-15,33.66,34.0,33.55,33.79,25867257.0,T
2014-01-16,33.89,34.08,33.81,33.96,16249549.0,T
2014-01-17,34.03,34.03,33.68,33.7,23952730.0,T
2014-01-21,33.84,34.0,33.2,33.57,29421880.0,T
2014-01-22,33.6,33.66,33.31,33.34,17557647.0,T
2014-01-23,33.22,33.8,33.15,33.8,28543368.0,T
2014-01-24,33.83,34.29,33.42,33.42,33410263.0,T
2014-01-27,33.53,33.745,33.43,33.51,32813052.0,T
2014-01-28,33.5,33.81,33.35,33.7,25829645.0,T
2014-01-29,32.4,33.55,32.01,33.31,83166147.0,T
2014-01-30,33.54,33.59,33.01,33.35,29083658.0,T
2014-01-31,32.97,33.69,32.77,33.32,34519536.0,T
2014-02-03,33.32,33.32,31.9,31.95,68027254.0,T
2014-02-04,32.08,32.45,32.0,32.45,35974415.0,T
2014-02-05,32.4,32.4299,32.04,32.08,29820104.0,T
2014-02-06,32.31,32.31,31.74,32.0,45355959.0,T
2014-02-07,32.18,32.36,31.95,32.3,29370788.0,T
2014-02-10,32.45,32.46,32.22,32.44,20624697.0,T
2014-02-11,32.62,33.04,32.51,32.95,26248524.0,T
2014-02-12,32.91,33.07,32.81,32.94,16556009.0,T
2014-02-13,32.83,33.5,32.71,33.49,28064220.0,T
2014-02-14,33.38,33.38,33.06,33.15,18343014.0,T
2014-02-18,33.23,33.23,32.63,32.82,22317249.0,T
2014-02-19,32.72,33.02,32.6,32.85,19428769.0,T
2014-02-20,32.85,33.375,32.67,33.18,20490418.0,T
2014-02-21,33.08,33.23,32.78,32.8,19331987.0,T
2014-02-24,32.83,32.87,32.46,32.47,33537227.0,T
2014-02-25,32.51,32.52,32.05,32.17,41064348.0,T
2014-02-26,32.25,32.29,31.89,32.0,36745795.0,T
2014-02-27,31.99,32.3,31.81,32.23,54931881.0,T
2014-02-28,32.25,32.32,31.79,31.93,43487328.0,T
2014-03-03,31.8,31.98,31.76,31.86,30482487.0,T
2014-03-04,32.1,32.22,32.0301,32.15,28463376.0,T
2014-03-05,32.24,32.24,32.005,32.13,24191025.0,T
2014-03-06,32.15,32.37,32.105,32.34,19536777.0,T
2014-03-07,32.48,32.59,32.26,32.54,27136999.0,T
2014-03-10,32.28,32.54,32.19,32.51,24937506.0,T
2014-03-11,32.53,32.535,32.1383,32.23,20734932.0,T
2014-03-12,32.25,32.48,32.16,32.38,25025677.0,T
2014-03-13,32.5,32.66,32.3,32.35,21708449.0,T
2014-03-14,32.29,32.59,32.26,32.49,22368560.0,T
2014-03-17,32.68,32.89,32.53,32.89,23589558.0,T
2014-03-18,32.93,33.04,32.85,32.98,25998242.0,T
2014-03-19,33.02,33.34,32.82,32.96,31803410.0,T
2014-03-20,33.07,34.14,33.01,34.09,62615882.0,T
2014-03-21,34.34,34.8,34.13,34.3,51006775.0,T
2014-03-24,34.41,34.76,34.23,34.46,53804810.0,T
2014-03-25,34.38,34.89,34.37,34.72,33408477.0,T
2014-03-26,34.91,35.03,34.61,34.61,38595188.0,T
2014-03-27,34.66,35.03,34.6,34.96,33382724.0,T
2014-03-28,35.08,35.17,34.77,35.07,24745314.0,T
2014-03-31,35.3,35.5,34.99,35.07,30486472.0,T
2014-04-01,35.01,35.14,34.65,35.09,28775256.0,T
2014-04-02,35.16,35.48,35.04,35.37,28086016.0,T
2014-04-03,35.45,35.67,35.355,35.63,25397851.0,T
2014-04-04,35.83,35.88,35.5,35.55,29358156.0,T
2014-04-07,35.54,35.79,35.49,35.49,32673272.0,T
2014-04-08,35.05,35.27,34.91,35.27,29295195.0,T
2014-04-09,35.25,35.27,34.74,34.92,30493010.0,T
2014-04-10,35.15,35.43,34.97,35.12,35424572.0,T
2014-04-11,35.13,35.32,35.01,35.2,34552105.0,T
2014-04-14,35.28,35.37,35.06,35.36,15457140.0,T
2014-04-15,35.35,35.68,35.33,35.68,26484857.0,T
2014-04-16,35.76,36.11,35.7,36.1,24220445.0,T
2014-04-17,36.03,36.23,35.92,36.04,25311787.0,T
2014-04-21,36.08,36.17,35.86,36.06,18759592.0,T
2014-04-22,36.1,36.41,35.96,36.29,32001021.0,T
2014-04-23,35.01,35.35,34.46,34.92,59638692.0,T
2014-04-24,35.0,35.1,34.45,34.5,36619891.0,T
2014-04-25,34.43,34.55,34.32,34.49,21986198.0,T
2014-04-28,34.67,35.15,34.56,35.08,29626369.0,T
2014-04-29,35.32,35.478,35.05,35.42,20737383.0,T
2014-04-30,35.43,35.74,35.26,35.7,22553278.0,T
2014-05-01,35.75,36.0,35.41,35.58,27837765.0,T
2014-05-02,35.7,35.8,35.52,35.63,15949970.0,T
2014-05-05,35.58,35.76,35.4401,35.76,15939099.0,T
2014-05-06,35.76,35.76,35.48,35.49,21487883.0,T
2014-05-07,35.56,35.96,35.52,35.76,20271152.0,T
2014-05-08,35.89,36.86,35.8,36.4,36474619.0,T
2014-05-09,36.38,36.51,36.18,36.44,15015518.0,T
2014-05-12,36.73,36.735,36.16,36.57,23990994.0,T
2014-05-13,36.48,36.54,35.89,36.2,34252311.0,T
2014-05-14,36.1,36.57,36.01,36.39,24180475.0,T
2014-05-15,36.4,36.61,35.58,36.52,20337474.0,T
2014-05-16,36.55,36.79,36.51,36.74,24021550.0,T
2014-05-19,35.99,36.75,35.77,36.38,77613520.0,T
2014-05-20,36.35,36.35,35.42,35.5,39978957.0,T
2014-05-21,35.67,35.71,35.09,35.27,32687150.0,T
2014-05-22,35.32,35.5,35.25,35.38,18026759.0,T
2014-05-23,35.36,35.55,35.25,35.32,17373809.0,T
2014-05-27,35.29,35.4,35.1,35.21,22452694.0,T
2014-05-28,35.29,35.5,35.21,35.34,20504840.0,T
2014-05-29,35.37,35.44,35.0,35.39,14171336.0,T
2014-05-30,35.29,35.53,35.29,35.47,16162842.0,T
2014-06-02,35.5,35.55,35.3,35.44,16222793.0,T
2014-06-03,35.43,35.6,35.15,35.2,22262292.0,T
2014-06-04,35.2,35.2,34.95,35.05,26906001.0,T
2014-06-05,35.07,35.13,34.8,35.1,22266341.0,T
2014-06-06,35.07,35.1,34.89,35.02,17130747.0,T
2014-06-09,35.05,35.12,34.94,35.01,17660808.0,T
2014-06-10,34.92,35.1,34.86,34.94,17696903.0,T
2014-06-11,34.95,35.04,34.8,34.81,16331727.0,T
2014-06-12,34.84,34.87,34.62,34.83,19063629.0,T
2014-06-13,34.92,35.15,34.78,35.03,19976652.0,T
2014-06-16,34.97,35.09,34.9,34.98,14109659.0,T
2014-06-17,35.02,35.15,34.95,35.02,17311599.0,T
2014-06-18,35.02,35.21,34.9675,35.2,20301588.0,T
2014-06-19,35.25,35.39,35.2,35.36,19514035.0,T
2014-06-20,35.63,35.75,35.355,35.39,28984106.0,T
2014-06-23,35.57,35.57,35.26,35.39,14507634.0,T
2014-06-24,35.39,35.58,35.21,35.29,21167120.0,T
2014-06-25,35.22,35.29,35.1,35.26,15276805.0,T
2014-06-26,35.31,35.31,35.1,35.26,15790812.0,T
2014-06-27,35.17,35.43,35.1,35.41,20944321.0,T
2014-06-30,35.4,35.55,35.33,35.36,19118810.0,T
2014-07-01,35.23,35.53,35.15,35.48,21777888.0,T
2014-07-02,35.48,35.67,35.43,35.67,14235809.0,T
2014-07-03,35.85,35.87,35.69,35.84,11681156.0,T
2014-07-07,35.9,36.1,35.85,36.02,19586064.0,T
2014-07-08,35.54,35.73,35.41,35.56,20139496.0,T
2014-07-09,35.7,35.72,35.51,35.65,15916049.0,T
2014-07-10,35.38,35.77,35.38,35.7,14593953.0,T
2014-07-11,35.72,35.83,35.57,35.76,11560138.0,T
2014-07-14,35.86,35.94,35.71,35.86,12566025.0,T
2014-07-15,35.95,36.35,35.92,36.24,34999027.0,T
2014-07-16,36.45,36.55,36.33,36.45,20223233.0,T
2014-07-17,36.27,36.47,35.98,36.03,19142987.0,T
2014-07-18,36.18,36.19,36.0,36.17,16132950.0,T
2014-07-21,36.07,36.16,35.88,35.96,20917407.0,T
2014-07-22,36.03,36.1,35.77,35.94,18186324.0,T
2014-07-23,35.9,35.96,35.8,35.88,15179794.0,T
2014-07-24,35.43,35.72,35.03,35.5,45151793.0,T
2014-07-25,35.37,35.7,35.36,35.54,18663981.0,T
2014-07-28,36.45,36.625,36.0745,36.36,20446268.0,T
2014-07-29,37.43,37.48,36.46,36.59,92452999.0,T
2014-07-30,36.45,36.625,36.0745,36.36,20448397.0,T
2014-07-31,36.05,36.21,35.51,35.59,34609278.0,T
2014-08-01,35.78,35.82,35.28,35.33,23963118.0,T
2014-08-04,35.37,35.53,35.2,35.46,21300407.0,T
2014-08-05,35.36,35.46,35.01,35.11,19505989.0,T
2014-08-06,35.0,35.02,34.36,34.62,35941105.0,T
2014-08-07,34.75,34.79,34.17,34.21,20756838.0,T
2014-08-08,34.3,34.5,34.18,34.47,18771085.0,T
2014-08-11,34.69,34.76,34.41,34.47,14724875.0,T
2014-08-12,34.58,34.7,34.48,34.64,15325177.0,T
2014-08-13,34.75,34.83,34.5,34.69,15950570.0,T
2014-08-14,34.83,34.93,34.6,34.91,14588827.0,T
2014-08-15,34.93,34.97,34.46,34.74,26957837.0,T
2014-08-18,34.87,34.9,34.57,34.65,18496149.0,T
2014-08-19,34.69,34.69,34.33,34.48,20478352.0,T
2014-08-20,34.54,34.56,34.44,34.53,12553918.0,T
2014-08-21,34.53,34.75,34.51,34.64,15933288.0,T
2014-08-22,34.56,34.63,34.35,34.5,14286902.0,T
2014-08-25,34.52,34.66,34.45,34.51,17321506.0,T
2014-08-26,34.6,34.65,34.46,34.5,14805567.0,T
2014-08-27,34.59,34.79,34.54,34.75,14853669.0,T
2014-08-28,34.66,34.75,34.56,34.74,10539723.0,T
2014-08-29,34.73,34.96,34.62,34.96,12709693.0,T
2014-09-02,34.93,35.0,34.7,34.84,12691212.0,T
2014-09-03,34.95,35.0,34.82,34.97,13026774.0,T
2014-09-04,34.98,35.0,34.82,34.94,12483872.0,T
2014-09-05,34.95,35.26,34.88,35.15,17804408.0,T
2014-09-08,35.12,35.12,34.9,35.01,10786573.0,T
2014-09-09,35.04,35.06,34.55,34.66,18786398.0,T
2014-09-10,34.73,34.78,34.39,34.7,17720295.0,T
2014-09-11,34.61,34.88,34.5,34.85,16030167.0,T
2014-09-12,34.83,34.91,34.36,34.5,20219729.0,T
2014-09-15,34.61,34.78,34.42,34.69,14689891.0,T
2014-09-16,34.61,35.01,34.58,34.95,15657502.0,T
2014-09-17,35.02,35.19,34.83,35.02,17142113.0,T
2014-09-18,35.12,35.24,35.01,35.16,17236314.0,T
2014-09-19,35.35,35.48,35.23,35.47,21894347.0,T
2014-09-22,35.46,35.55,35.29,35.5,16421187.0,T
2014-09-23,35.46,35.51,35.23,35.26,16803406.0,T
2014-09-24,35.33,35.49,35.18,35.4,13315297.0,T
2014-09-25,35.42,35.43,34.98,35.08,21239001.0,T
2014-09-26,35.2,35.34,34.96,35.28,14352393.0,T
2014-09-29,35.14,35.27,34.97,35.23,14978443.0,T
2014-09-30,35.26,35.3975,35.1,35.24,20024720.0,T
2014-10-01,35.09,35.23,34.93,34.96,28857946.0,T
2014-10-02,35.04,35.12,34.82,34.97,24830419.0,T
2014-10-03,35.26,36.16,35.08,35.36,20779054.0,T
2014-10-06,35.56,35.73,35.36,35.49,22132621.0,T
2014-10-07,35.53,35.61,35.31,35.33,21393586.0,T
2014-10-08,34.92,35.17,34.62,35.15,25153816.0,T
2014-10-09,35.1,35.22,34.6,34.66,21612927.0,T
2014-10-10,34.76,34.8,34.24,34.25,28949332.0,T
2014-10-13,34.17,34.34,33.82,33.82,23641790.0,T
2014-10-14,33.88,34.06,33.72,33.84,22638108.0,T
2014-10-15,33.68,33.98,33.1,33.87,48562781.0,T
2014-10-16,33.63,33.83,33.25,33.64,29222033.0,T
2014-10-17,33.81,34.2,33.66,34.08,24470612.0,T
2014-10-20,34.08,34.29,33.84,34.28,15258656.0,T
2014-10-21,34.27,34.66,34.09,34.62,21771789.0,T
2014-10-22,34.78,34.79,34.38,34.5,24963094.0,T
2014-10-23,34.04,34.11,33.45,33.66,55879187.0,T
2014-10-24,33.62,33.94,33.32,33.87,29836923.0,T
2014-10-27,33.88,34.24,33.8567,34.11,25358821.0,T
2014-10-28,34.31,34.41,34.075,34.33,26041391.0,T
2014-10-29,34.4,34.65,34.17,34.4,22630029.0,T
2014-10-30,34.27,34.55,34.12,34.51,18482243.0,T
2014-10-31,34.76,34.85,34.58,34.84,24030347.0,T
2014-11-03,34.97,35.03,34.61,34.84,22214516.0,T
2014-11-04,34.97,35.08,34.64,34.79,17839552.0,T
2014-11-05,34.94,34.96,34.71,34.92,15587507.0,T
2014-11-06,34.9,34.95,34.52,34.72,17443725.0,T
2014-11-07,34.71,34.97,34.53,34.91,17983738.0,T
2014-11-10,35.06,35.14,34.66,35.12,17921697.0,T
2014-11-11,35.15,35.15,34.8,35.1,12299550.0,T
2014-11-12,35.05,35.44,34.96,35.4,18749961.0,T
2014-11-13,35.37,35.9,35.29,35.61,20900773.0,T
2014-11-14,35.64,36.15,35.6,35.9,20554339.0,T
2014-11-17,35.86,35.9,35.63,35.85,12958772.0,T
2014-11-18,35.77,35.87,35.62,35.72,17124511.0,T
2014-11-19,35.63,35.66,35.18,35.37,19342898.0,T
2014-11-20,35.35,35.44,35.19,35.28,12256061.0,T
2014-11-21,35.48,35.5,34.99,35.28,28262559.0,T
2014-11-24,34.98,35.095,34.22,34.7,36683616.0,T
2014-11-25,34.65,34.85,34.3,34.82,29342100.0,T
2014-11-26,34.89,35.2,34.86,35.13,14148710.0,T
2014-11-28,35.28,35.57,35.23,35.38,12650457.0,T
2014-12-01,35.28,35.37,34.91,35.06,19951045.0,T
2014-12-02,34.89,35.01,34.17,34.29,36930521.0,T
2014-12-03,34.25,34.255,33.92,34.0,30742679.0,T
2014-12-04,34.08,34.1,33.75,33.91,23030671.0,T
2014-12-05,33.88,33.95,33.715,33.94,18893390.0,T
2014-12-08,33.98,34.09,33.85,33.88,17080013.0,T
2014-12-09,33.31,33.33,32.4,32.89,59255535.0,T
2014-12-10,32.89,32.89,32.41,32.49,34766706.0,T
2014-12-11,32.62,33.05,32.565,32.71,28024732.0,T
2014-12-12,32.52,32.58,32.16,32.16,30070435.0,T
2014-12-15,32.32,32.44,32.07,32.25,29995662.0,T
2014-12-16,32.24,32.81,32.12,32.14,28952122.0,T
2014-12-17,32.22,32.8,32.16,32.67,28939737.0,T
2014-12-18,33.02,33.51,32.85,33.51,37622694.0,T
2014-12-19,33.48,33.76,33.35,33.54,40198284.0,T
2014-12-22,33.66,33.98,33.57,33.85,22690749.0,T
2014-12-23,34.07,34.16,33.91,34.03,19399224.0,T
2014-12-24,34.02,34.19,33.93,33.96,8831944.0,T
2014-12-26,34.05,34.23,33.9799,34.17,11486762.0,T
2014-12-29,34.07,34.27,34.02,34.11,12708068.0,T
2014-12-30,34.09,34.2,34.03,34.08,12369660.0,T
2014-12-31,33.98,34.08,33.54,33.59,24178055.0,T
2015-01-02,33.76,33.97,33.69,33.87,20564045.0,T
2015-01-05,33.87,33.92,33.52,33.55,30429132.0,T
2015-01-06,33.77,33.8053,33.35,33.6,29595825.0,T
2015-01-07,33.58,33.59,32.73,33.17,31659967.0,T
2015-01-08,33.24,33.58,33.15,33.5,22799838.0,T
2015-01-09,33.62,33.69,33.39,33.4,21492496.0,T
2015-01-12,33.59,33.76,33.48,33.49,20169887.0,T
2015-01-13,33.72,33.92,33.265,33.49,24260251.0,T
2015-01-14,33.28,33.45,33.04,33.33,22093512.0,T
2015-01-15,33.49,33.67,33.18,33.26,25800924.0,T
2015-01-16,33.14,33.86,33.14,33.8,37526900.0,T
2015-01-20,33.87,33.96,33.55,33.95,20257864.0,T
2015-01-21,33.81,34.23,33.65,34.0,34849322.0,T
2015-01-22,33.84,33.93,33.29,33.79,34756094.0,T
2015-01-23,33.8,33.8,33.34,33.37,25450018.0,T
2015-01-26,33.32,33.34,33.05,33.18,28533460.0,T
2015-01-27,33.09,33.12,32.81,32.81,30806122.0,T
2015-01-28,33.47,33.64,32.64,32.68,45847685.0,T
2015-01-29,32.68,33.1,32.41,32.96,31071397.0,T
2015-01-30,32.77,33.43,32.72,32.92,56280900.0,T
2015-02-02,33.31,33.62,32.8,33.56,37289497.0,T
2015-02-03,33.66,34.34,33.65,34.34,41631381.0,T
2015-02-04,34.33,34.75,34.23,34.41,29862265.0,T
2015-02-05,34.49,34.6,34.32,34.54,19076449.0,T
2015-02-06,34.49,35.05,34.41,34.87,27709243.0,T
2015-02-09,34.71,34.91,34.59,34.64,20110590.0,T
2015-02-10,34.86,35.07,34.79,34.85,19874086.0,T
2015-02-11,34.79,34.83,34.25,34.39,31904309.0,T
2015-02-12,34.41,34.62,34.24,34.61,19865624.0,T
2015-02-13,34.55,34.73,34.37,34.66,16082410.0,T
2015-02-17,34.6,34.73,34.45,34.71,19254560.0,T
2015-02-18,34.73,34.73,34.35,34.49,17098644.0,T
2015-02-19,34.48,34.48,34.03,34.09,18916020.0,T
2015-02-20,34.06,34.0825,33.82,34.08,21281990.0,T
2015-02-23,33.97,34.05,33.74,33.85,23418791.0,T
2015-02-24,33.75,34.12,33.6,34.05,19382011.0,T
2015-02-25,34.13,34.22,33.98,34.21,17838244.0,T
2015-02-26,34.12,34.59,34.06,34.5,23156212.0,T
2015-02-27,34.42,34.58,34.38,34.56,19863613.0,T
2015-03-02,34.37,34.65,34.21,34.64,21637623.0,T
2015-03-03,34.53,34.65,34.35,34.41,20202426.0,T
2015-03-04,34.45,34.45,33.97,34.0,23392257.0,T
2015-03-05,34.15,34.2,33.99,34.0,14524108.0,T
2015-03-06,33.58,33.77,33.37,33.48,39761466.0,T
2015-03-09,33.45,33.5888,33.31,33.35,19465163.0,T
2015-03-10,33.26,33.26,32.75,32.78,32469515.0,T
2015-03-11,32.88,32.89,32.52,32.62,29021649.0,T
2015-03-12,32.84,33.21,32.7,33.13,27016791.0,T
2015-03-13,32.99,33.03,32.6,32.76,26808003.0,T
2015-03-16,32.79,33.1,32.68,33.06,20531508.0,T
2015-03-17,32.85,33.12,32.77,32.9,23903202.0,T
2015-03-18,32.93,33.59,32.69,33.59,47849320.0,T
2015-03-19,33.51,33.51,33.18,33.2,19913718.0,T
2015-03-20,33.27,33.6,33.21,33.23,38651753.0,T
2015-03-23,33.37,33.68,33.28,33.28,23983771.0,T
2015-03-24,33.23,33.42,33.07,33.07,20127168.0,T
2015-03-25,33.02,33.11,32.62,32.62,29163095.0,T
2015-03-26,32.63,33.13,32.61,32.82,30624186.0,T
2015-03-27,32.94,32.95,32.7,32.75,20852749.0,T
2015-03-30,32.82,33.04,32.8,32.97,18904259.0,T
2015-03-31,32.97,33.03,32.65,32.65,27900236.0,T
2015-04-01,32.62,32.91,32.54,32.89,25365035.0,T
2015-04-02,32.9,33.23,32.82,33.13,19273905.0,T
2015-04-06,33.15,33.41,33.06,33.33,22972509.0,T
2015-04-07,33.35,33.45,33.155,33.16,24004977.0,T
2015-04-08,32.73,32.85,32.565,32.65,21381233.0,T
2015-04-09,32.58,32.79,32.44,32.69,21073712.0,T
2015-04-10,32.77,32.83,32.65,32.77,15063632.0,T
2015-04-13,32.76,33.069,32.7,32.88,22730981.0,T
2015-04-14,32.92,32.93,32.62,32.69,18265057.0,T
2015-04-15,32.71,32.96,32.6399,32.89,19856010.0,T
2015-04-16,32.76,32.9,32.7,32.75,17597252.0,T
2015-04-17,32.65,32.7,32.37,32.51,29716225.0,T
2015-04-20,32.65,32.87,32.65,32.83,24314582.0,T
2015-04-21,32.84,32.85,32.58,32.66,19720409.0,T
2015-04-22,32.78,32.89,32.55,32.86,29775479.0,T
2015-04-23,33.45,34.4,33.33,34.23,91372881.0,T
2015-04-24,34.21,34.32,33.96,34.01,42046912.0,T
2015-04-27,34.05,34.3,34.04,34.09,24468943.0,T
2015-04-28,34.28,34.985,34.17,34.86,48688362.0,T
2015-04-29,34.58,35.23,34.54,34.76,40722497.0,T
2015-04-30,34.7,34.9,34.55,34.64,29693238.0,T
2015-05-01,34.56,34.72,34.13,34.42,34167621.0,T
2015-05-04,34.41,34.71,34.25,34.53,21304960.0,T
2015-05-05,34.49,34.58,33.66,33.72,31805035.0,T
2015-05-06,33.71,33.79,33.08,33.38,30701511.0,T
2015-05-07,33.25,33.56,33.11,33.37,22643503.0,T
2015-05-08,33.72,33.83,33.59,33.69,27681434.0,T
2015-05-11,33.65,33.7,33.38,33.49,21479715.0,T
2015-05-12,33.31,33.94,33.035,33.66,41281635.0,T
2015-05-13,33.63,34.14,33.57,33.9,34748757.0,T
2015-05-14,34.08,34.2,34.0,34.13,23908724.0,T
2015-05-15,34.11,34.385,34.01,34.33,28264128.0,T
2015-05-18,34.28,35.02,34.26,34.87,59611861.0,T
2015-05-19,34.79,34.85,34.17,34.37,38270674.0,T
2015-05-20,34.43,34.71,34.29,34.62,27280899.0,T
2015-05-21,34.55,35.22,34.52,35.07,41576038.0,T
2015-05-22,34.89,35.03,34.615,34.71,26349206.0,T
2015-05-26,34.6,34.755,34.26,34.67,40654956.0,T
2015-05-27,34.75,35.095,34.6,34.95,36633602.0,T
2015-05-28,34.96,34.9699,34.64,34.8,19591680.0,T
2015-05-29,34.75,34.82,34.54,34.54,29885075.0,T
2015-06-01,34.53,34.6,34.24,34.35,28235746.0,T
2015-06-02,34.37,34.53,34.28,34.36,19508848.0,T
2015-06-03,34.45,35.17,34.36,35.03,39115938.0,T
2015-06-04,34.92,35.48,34.78,35.27,56219033.0,T
2015-06-05,35.16,35.17,34.5,34.57,36713215.0,T
2015-06-08,34.5,34.72,34.495,34.59,25928796.0,T
2015-06-09,34.59,34.79,34.5,34.51,23986602.0,T
2015-06-10,34.59,34.76,34.59,34.72,31312320.0,T
2015-06-11,34.82,34.98,34.78,34.88,30440848.0,T
2015-06-12,34.75,34.96,34.64,34.65,25869065.0,T
2015-06-15,34.54,34.57,34.4,34.41,24465457.0,T
2015-06-16,34.3,34.75,34.26,34.67,29729847.0,T
2015-06-17,34.72,34.85,34.54,34.8,30455930.0,T
2015-06-18,34.8,35.1,34.76,35.02,37333202.0,T
2015-06-19,34.92,35.06,34.88,34.99,35660954.0,T
2015-06-22,35.1,35.15,35.0,35.04,23586540.0,T
2015-06-23,35.57,36.25,35.51,35.91,69970850.0,T
2015-06-24,35.92,35.95,35.68,35.78,33443204.0,T
2015-06-25,36.13,36.45,36.04,36.18,47585217.0,T
2015-06-26,36.38,36.4,35.91,36.12,30005945.0,T
2015-06-29,35.87,36.23,35.75,35.77,28999241.0,T
2015-06-30,36.03,36.15,35.46,35.52,31390076.0,T
2015-07-01,35.59,35.63,35.27,35.57,36972230.0,T
2015-07-02,35.85,35.93,35.64,35.73,22254343.0,T
2015-07-06,35.6,35.66,35.47,35.61,25640275.0,T
2015-07-07,35.79,35.85,35.37,35.77,27143865.0,T
2015-07-08,35.28,35.32,34.74,34.79,31591717.0,T
2015-07-09,35.02,35.04,34.33,34.39,33071347.0,T
2015-07-10,34.62,34.85,34.39,34.65,30999216.0,T
2015-07-13,34.75,34.97,34.67,34.88,26803199.0,T
2015-07-14,34.74,35.13,34.66,35.12,25142412.0,T
2015-07-15,35.1,35.13,34.68,34.73,29044933.0,T
2015-07-16,34.85,35.19,34.85,35.16,18452262.0,T
2015-07-17,35.1,35.24,34.9,35.01,21900306.0,T
2015-07-20,35.04,35.06,34.71,34.9,22216806.0,T
2015-07-21,34.67,34.67,34.39,34.57,27871667.0,T
2015-07-22,34.25,34.35,34.02,34.27,51795757.0,T
2015-07-23,34.28,34.34,33.86,33.93,37054344.0,T
2015-07-24,34.66,35.09,34.29,34.29,87250857.0,T
2015-07-27,34.22,34.66,34.02,34.32,50523631.0,T
2015-07-28,34.57,34.58,34.22,34.33,52950672.0,T
2015-07-29,34.47,34.91,34.37,34.69,42986075.0,T
2015-07-30,34.86,34.89,34.68,34.8,25958774.0,T
2015-07-31,34.94,34.99,34.72,34.74,29880938.0,T
2015-08-03,34.95,35.02,34.5,34.66,29677589.0,T
2015-08-04,34.79,34.8,34.5,34.58,26249913.0,T
2015-08-05,34.79,34.83,34.51,34.57,22837624.0,T
2015-08-06,34.55,34.59,33.95,34.24,32734164.0,T
2015-08-07,34.11,34.26,34.04,34.21,25627574.0,T
2015-08-10,34.3,34.78,34.2,34.78,29179771.0,T
2015-08-11,34.6,34.96,34.57,34.65,35402719.0,T
2015-08-12,33.86,34.07,33.45,34.02,62201296.0,T
2015-08-13,34.01,34.17,33.79,33.81,35521094.0,T
2015-08-14,33.91,34.05,33.78,34.05,22759594.0,T
2015-08-17,33.96,34.23,33.9,34.23,21050631.0,T
2015-08-18,34.16,34.43,34.12,34.35,20538165.0,T
2015-08-19,34.295,34.5,34.07,34.36,21136421.0,T
2015-08-20,34.17,34.46,33.95,33.95,38363358.0,T
2015-08-21,33.7,33.95,33.38,33.38,41636652.0,T
2015-08-24,32.18,33.27,30.97,32.37,77231318.0,T
2015-08-25,33.11,33.11,31.77,31.8,50674199.0,T
2015-08-26,32.36,32.85,32.01,32.69,49631208.0,T
2015-08-27,33.01,33.49,32.82,33.44,42589884.0,T
2015-08-28,33.34,33.45,33.1,33.29,24154034.0,T
2015-08-31,33.2,33.28,33.01,33.2,22286485.0,T
2015-09-01,32.6,32.79,32.16,32.32,33048031.0,T
2015-09-02,32.94,32.97,32.5,32.82,24093045.0,T
2015-09-03,32.97,33.24,32.92,33.04,22833383.0,T
2015-09-04,32.68,32.78,32.35,32.56,29318876.0,T
2015-09-08,32.95,33.19,32.8101,33.14,18851006.0,T
2015-09-09,33.4,33.5,32.72,32.78,22559067.0,T
2015-09-10,32.77,32.84,32.55,32.75,25602293.0,T
2015-09-11,32.73,32.78,32.56,32.72,17626947.0,T
2015-09-14,32.74,32.78,32.51,32.55,18504744.0,T
2015-09-15,32.68,32.93,32.54,32.86,22371691.0,T
2015-09-16,32.86,33.1,32.76,32.94,23514162.0,T
2015-09-17,32.73,33.14,32.41,32.78,37922104.0,T
2015-09-18,32.68,32.79,32.41,32.55,44627155.0,T
2015-09-21,32.55,32.69,32.45,32.56,19870297.0,T
2015-09-22,32.32,32.45,32.13,32.27,25518683.0,T
2015-09-23,32.29,32.34,32.04,32.2,15739211.0,T
2015-09-24,32.02,32.23,31.95,32.11,24741378.0,T
2015-09-25,32.27,32.7,32.1601,32.33,27104244.0,T
2015-09-28,32.26,32.34,31.88,31.9,35924918.0,T
2015-09-29,31.99,32.18,31.85,32.07,33785189.0,T
2015-09-30,32.36,32.71,32.24,32.58,34815542.0,T
2015-10-01,32.48,32.64,32.17,32.53,30815524.0,T
2015-10-02,32.34,32.64,32.185,32.64,28505888.0,T
2015-10-05,32.98,33.49,32.97,33.43,27876700.0,T
2015-10-06,33.5,33.52,33.25,33.31,27867020.0,T
2015-10-07,33.07,33.34,33.01,33.12,21049983.0,T
2015-10-08,33.11,33.41,32.87,33.4,17305160.0,T
2015-10-09,33.42,33.52,33.0,33.14,19351286.0,T
2015-10-12,33.2,33.31,33.07,33.3,14204166.0,T
2015-10-13,33.19,33.29,33.06,33.22,22148602.0,T
2015-10-14,33.23,33.39,33.105,33.27,23682944.0,T
2015-10-15,33.33,33.5,33.2,33.49,19170403.0,T
2015-10-16,33.75,33.86,33.54,33.83,33236999.0,T
2015-10-19,33.63,33.69,33.42,33.63,28250828.0,T
2015-10-20,33.59,33.85,33.515,33.75,20085967.0,T
2015-10-21,33.88,33.94,33.33,33.6,27244083.0,T
2015-10-22,33.46,34.16,33.46,33.96,33298676.0,T
2015-10-23,34.7,34.74,33.62,33.74,46231419.0,T
2015-10-26,33.75,33.76,33.48,33.66,25419196.0,T
2015-10-27,33.57,33.61,33.16,33.21,24455958.0,T
2015-10-28,33.36,33.6,33.125,33.42,27816831.0,T
2015-10-29,33.48,33.67,33.28,33.55,17841785.0,T
2015-10-30,33.62,33.75,33.51,33.51,24581781.0,T
2015-11-02,33.69,33.785,33.39,33.61,25538709.0,T
2015-11-03,33.55,33.75,33.46,33.63,17702788.0,T
2015-11-04,33.76,33.78,33.44,33.48,17296080.0,T
2015-11-05,33.49,33.555,33.27,33.34,16142689.0,T
2015-11-06,33.22,33.27,32.86,33.16,21494479.0,T
2015-11-09,32.96,32.97,32.75,32.84,20434334.0,T
2015-11-10,32.86,32.9,32.67,32.79,19263266.0,T
2015-11-11,32.84,33.0,32.8,32.92,14038925.0,T
2015-11-12,32.84,32.86,32.63,32.69,17408424.0,T
2015-11-13,32.64,32.84,32.31,32.31,23626877.0,T
2015-11-16,32.35,33.05,32.22,33.04,23601573.0,T
2015-11-17,33.07,33.52,33.06,33.26,20367714.0,T
2015-11-18,33.25,33.58,33.02,33.54,22233784.0,T
2015-11-19,33.52,33.75,33.47,33.62,17963221.0,T
2015-11-20,33.74,33.78,33.55,33.66,20454634.0,T
2015-11-23,33.66,33.68,33.43,33.46,15273672.0,T
2015-11-24,33.29,33.59,33.2,33.39,17717544.0,T
2015-11-25,33.35,33.5,33.24,33.45,14601726.0,T
2015-11-27,33.5,33.78,33.48,33.57,9327165.0,T
2015-11-30,33.59,33.75,33.42,33.67,24902331.0,T
2015-12-01,33.78,33.97,33.58,33.77,16761516.0,T
2015-12-02,33.76,33.95,33.54,33.56,25851585.0,T
2015-12-03,33.61,33.66,33.01,33.1,28748306.0,T
2015-12-04,33.19,34.17,33.1675,34.11,35685874.0,T
2015-12-07,33.88,34.39,33.88,34.27,33956203.0,T
2015-12-08,33.95,34.1,33.63,33.85,28419892.0,T
2015-12-09,33.75,34.23,33.4719,33.57,25052195.0,T
2015-12-10,33.63,34.03,33.55,33.67,27712858.0,T
2015-12-11,33.41,33.59,33.09,33.17,26947761.0,T
2015-12-14,33.15,33.65,33.11,33.6,26398246.0,T
2015-12-15,33.72,33.93,33.41,33.81,25359533.0,T
2015-12-16,33.91,34.48,33.9,34.4,31192674.0,T
2015-12-17,34.42,34.61,34.03,34.03,27720504.0,T
2015-12-18,33.87,33.9975,33.6,33.6,51216301.0,T
2015-12-21,33.92,34.109,33.75,34.09,20392438.0,T
2015-12-22,34.29,34.48,34.01,34.41,20427315.0,T
2015-12-23,34.43,34.92,34.43,34.78,19309618.0,T
2015-12-24,34.75,34.77,34.544,34.66,6862360.0,T
2015-12-28,34.62,34.88,34.6,34.76,13928439.0,T
2015-12-29,34.94,34.99,34.79,34.93,14368149.0,T
2015-12-30,34.93,34.95,34.68,34.74,13754402.0,T
2015-12-31,34.56,34.66,34.39,34.41,20261791.0,T
2016-01-04,34.08,34.35,34.0,34.35,31779464.0,T
2016-01-05,34.35,34.69,34.12,34.59,30707275.0,T
2016-01-06,33.82,34.21,33.72,34.06,26911800.0,T
2016-01-07,33.62,34.0961,33.51,33.51,35111351.0,T
2016-01-08,33.77,33.96,33.41,33.54,28090768.0,T
2016-01-11,33.76,34.1,33.535,33.95,26438778.0,T
2016-01-12,34.1,34.19,33.66,33.9,24124055.0,T
2016-01-13,34.01,34.2963,33.73,33.74,40241272.0,T
2016-01-14,33.88,34.55,33.75,34.3,36327435.0,T
2016-01-15,33.66,34.34,33.61,33.99,44922089.0,T
2016-01-19,34.21,34.6,34.11,34.51,36753824.0,T
2016-01-20,34.14,34.35,33.43,33.9,50529565.0,T
2016-01-21,33.99,34.88,33.79,34.54,40974674.0,T
2016-01-22,34.88,35.18,34.7,35.14,33139786.0,T
2016-01-25,35.19,35.43,34.77,35.0,30264443.0,T
2016-01-26,35.03,35.57,34.93,35.4,41677105.0,T
2016-01-27,34.99,35.8,34.9,35.48,50263024.0,T
2016-01-28,35.77,35.79,35.21,35.53,26184435.0,T
2016-01-29,35.71,36.06,35.68,36.06,43280510.0,T
2016-02-01,36.04,36.4,35.8828,36.18,33350478.0,T
2016-02-02,36.14,36.195,35.79,36.06,29148397.0,T
2016-02-03,36.12,36.8,35.9,36.72,37992735.0,T
2016-02-04,36.73,36.82,36.27,36.53,31041614.0,T
2016-02-05,36.59,37.04,36.53,36.88,34662602.0,T
2016-02-08,36.6,37.12,36.39,37.11,41030576.0,T
2016-02-09,36.7,36.88,36.16,36.65,35252268.0,T
2016-02-10,36.65,36.74,36.26,36.43,26878196.0,T
2016-02-11,36.06,36.35,35.91,36.21,42253943.0,T
2016-02-12,36.35,36.51,36.0485,36.47,26449974.0,T
2016-02-16,36.68,36.75,36.19,36.65,27691627.0,T
2016-02-17,36.75,36.79,36.53,36.64,26002792.0,T
2016-02-18,36.62,37.0,36.51,36.99,21904662.0,T
2016-02-19,36.9,36.98,36.52,36.57,24709636.0,T
2016-02-22,36.74,36.86,36.55,36.86,21383086.0,T
2016-02-23,36.81,36.91,36.51,36.74,20577401.0,T
2016-02-24,36.7,37.11,36.63,37.1,22762242.0,T
2016-02-25,37.1,37.5,37.05,37.37,22799091.0,T
2016-02-26,37.49,37.495,37.06,37.13,22173113.0,T
2016-02-29,37.12,37.39,36.95,36.95,29197457.0,T
2016-03-01,37.1,37.39,37.06,37.39,19509803.0,T
2016-03-02,37.22,37.69,37.11,37.69,21510592.0,T
2016-03-03,37.69,38.11,37.49,37.99,27697752.0,T
2016-03-04,37.91,38.14,37.8,37.93,20739501.0,T
2016-03-07,37.8,38.19,37.61,38.13,22010112.0,T
2016-03-08,37.97,38.42,37.85,38.09,24606566.0,T
2016-03-09,38.12,38.32,37.83,37.98,22171595.0,T
2016-03-10,38.06,38.41,38.0,38.31,25215770.0,T
2016-03-11,38.45,38.55,38.17,38.36,20835630.0,T
2016-03-14,38.37,38.48,38.13,38.32,17626297.0,T
2016-03-15,38.11,38.52,38.1,38.52,14772602.0,T
2016-03-16,38.54,38.88,38.36,38.77,21044776.0,T
2016-03-17,38.77,39.19,38.72,39.12,27719792.0,T
2016-03-18,39.23,39.255,38.56,38.56,41102128.0,T
2016-03-21,38.66,39.07,38.56,38.92,20679226.0,T
2016-03-22,38.9,38.95,38.63,38.63,22031234.0,T
2016-03-23,38.6,38.6569,38.37,38.54,20807918.0,T
2016-03-24,38.38,38.89,38.38,38.88,17795101.0,T
2016-03-28,39.0,39.28,38.81,39.07,21543725.0,T
2016-03-29,39.13,39.6,38.95,39.45,25894874.0,T
2016-03-30,39.61,39.72,39.08,39.37,25745554.0,T
2016-03-31,39.42,39.57,39.01,39.17,27101194.0,T
2016-04-01,38.67,39.12,38.61,39.05,27725134.0,T
2016-04-04,39.16,39.36,39.07,39.36,18038726.0,T
2016-04-05,39.29,39.36,39.0,39.2,24887392.0,T
2016-04-06,38.79,38.93,38.49,38.64,22267428.0,T
2016-04-07,38.35,38.61,38.22,38.59,22285728.0,T
2016-04-08,38.73,38.9,38.37,38.5,17562859.0,T
2016-04-11,38.67,38.685,38.33,38.39,17720618.0,T
2016-04-12,38.47,38.79,38.38,38.67,17646431.0,T
2016-04-13,38.78,38.84,38.185,38.25,22606039.0,T
2016-04-14,38.25,38.58,38.24,38.42,13763676.0,T
2016-04-15,38.46,38.6,38.4,38.48,15781622.0,T
2016-04-18,38.57,38.8,38.35,38.65,17332019.0,T
2016-04-19,38.8,38.93,38.53,38.92,15936618.0,T
2016-04-20,38.99,39.01,38.66,38.72,16784106.0,T
2016-04-21,38.53,38.58,37.85,37.86,32236612.0,T
2016-04-22,37.85,38.165,37.85,38.07,24300177.0,T
2016-04-25,38.03,38.23,37.86,38.21,17583053.0,T
2016-04-26,38.32,38.41,37.9,38.09,20900881.0,T
2016-04-27,37.86,38.91,37.73,38.72,41417702.0,T
2016-04-28,38.72,38.88,38.55,38.64,20204172.0,T
2016-04-29,38.64,38.88,38.48,38.82,25345903.0,T
2016-05-02,38.87,39.15,38.78,39.1,22063313.0,T
2016-05-03,39.02,39.08,38.68,38.91,21826010.0,T
2016-05-04,38.75,39.0,38.58,38.88,15480828.0,T
2016-05-05,38.94,38.99,38.66,38.74,16239451.0,T
2016-05-06,38.78,38.99,38.47,38.99,15663665.0,T
2016-05-09,38.99,39.11,38.83,38.86,13495290.0,T
2016-05-10,39.02,39.38,38.98,39.31,17375742.0,T
2016-05-11,39.27,39.345,39.02,39.18,14414835.0,T
2016-05-12,39.3,39.6665,39.2,39.55,18734945.0,T
2016-05-13,39.49,39.52,39.11,39.15,16490761.0,T
2016-05-16,38.95,39.2988,38.9,39.28,15057768.0,T
2016-05-17,39.24,39.33,39.0,39.11,22056258.0,T
2016-05-18,39.09,39.15,38.27,38.45,25664732.0,T
2016-05-19,38.27,38.47,37.77,38.44,27414773.0,T
2016-05-20,38.64,38.68,38.31,38.45,20244545.0,T
2016-05-23,38.485,38.51,38.26,38.32,15380932.0,T
2016-05-24,38.46,38.555,38.39,38.5,14131748.0,T
2016-05-25,38.67,38.72,38.45,38.62,14711598.0,T
2016-05-26,38.69,38.99,38.64,38.84,16017020.0,T
2016-05-27,38.83,38.99,38.6,38.99,15671699.0,T
2016-05-31,39.03,39.2,38.94,39.15,27940040.0,T
2016-06-01,39.1,39.12,38.61,38.73,17055682.0,T
2016-06-02,38.73,38.84,38.58,38.84,12301701.0,T
2016-06-03,38.97,39.27,38.93,39.21,19244872.0,T
2016-06-06,39.22,39.475,39.18,39.34,16739113.0,T
2016-06-07,39.37,39.89,39.33,39.79,24912512.0,T
2016-06-08,39.72,39.87,39.64,39.86,14426365.0,T
2016-06-09,39.83,40.17,39.65,40.09,20692359.0,T
2016-06-10,39.95,40.53,39.88,40.33,25865528.0,T
2016-06-13,40.19,40.46,40.13,40.19,16769475.0,T
2016-06-14,40.17,40.47,39.93,40.38,23015012.0,T
2016-06-15,40.44,40.57,40.27,40.29,19480526.0,T
2016-06-16,40.2,40.56,40.14,40.49,20105344.0,T
2016-06-17,40.54,40.86,40.33,40.73,27265958.0,T
2016-06-20,41.04,41.05,40.53,40.78,20229718.0,T
2016-06-21,40.83,41.31,40.56,41.07,19938071.0,T
2016-06-22,41.06,41.56,41.06,41.3,20244299.0,T
2016-06-23,41.55,41.89,41.38,41.88,19035036.0,T
2016-06-24,41.45,42.23,41.3,41.52,57147245.0,T
2016-06-27,41.29,42.09,41.29,42.03,37479339.0,T
2016-06-28,42.14,42.17,41.87,42.02,34419032.0,T
2016-06-29,42.22,42.54,42.08,42.54,23671515.0,T
2016-06-30,42.69,43.42,42.54,43.21,31913433.0,T
2016-07-01,43.42,43.55,43.01,43.47,23237349.0,T
2016-07-05,43.5,43.89,43.33,43.36,35585261.0,T
2016-07-06,42.98,43.1,42.44,43.1,26454246.0,T
2016-07-07,42.72,42.9,42.13,42.3,23707909.0,T
2016-07-08,42.13,42.69,41.7,42.61,28443845.0,T
2016-07-11,42.47,42.595,42.21,42.51,21593732.0,T
2016-07-12,42.4,42.6,42.23,42.41,18676642.0,T
2016-07-13,42.46,42.87,42.35,42.59,14852271.0,T
2016-07-14,42.45,42.96,42.45,42.77,16655313.0,T
2016-07-15,42.91,43.08,42.7,42.89,16646630.0,T
2016-07-18,42.86,42.9,42.67,42.85,12340995.0,T
2016-07-19,42.79,42.85,42.675,42.77,13665551.0,T
2016-07-20,42.75,42.81,42.52,42.71,14088416.0,T
2016-07-21,42.55,42.78,42.34,42.52,22592875.0,T
2016-07-22,42.53,43.44,42.5,43.11,30724325.0,T
2016-07-25,42.93,42.97,42.705,42.94,14591550.0,T
2016-07-26,42.88,42.9815,42.28,42.38,20078590.0,T
2016-07-27,42.37,42.915,42.37,42.76,19811142.0,T
2016-07-28,42.67,42.68,42.35,42.58,13510436.0,T
2016-07-29,42.62,43.39,42.46,43.29,25245687.0,T
2016-08-01,43.25,43.5,43.11,43.18,20650203.0,T
2016-08-02,43.29,43.31,42.92,43.16,19595004.0,T
2016-08-03,43.09,43.22,42.92,43.14,13632451.0,T
2016-08-04,43.18,43.24,42.95,43.08,11893979.0,T
2016-08-05,43.16,43.22,42.77,43.16,19623229.0,T
2016-08-08,43.17,43.17,42.8,42.93,14033580.0,T
2016-08-09,42.95,43.09,42.78,43.08,14758158.0,T
2016-08-10,43.06,43.3,43.06,43.2,11733530.0,T
2016-08-11,43.31,43.48,43.261,43.39,11979692.0,T
2016-08-12,43.41,43.46,43.19,43.28,10541330.0,T
2016-08-15,43.21,43.315,43.02,43.02,16248020.0,T
2016-08-16,43.0,43.01,41.91,41.96,31646489.0,T
2016-08-17,42.01,42.08,41.34,41.86,29338669.0,T
2016-08-18,41.74,41.84,41.11,41.4,32552462.0,T
2016-08-19,41.23,41.25,40.69,41.01,29461925.0,T
2016-08-22,40.92,40.99,40.55,40.91,17672667.0,T
2016-08-23,40.99,41.03,40.78,40.85,15053490.0,T
2016-08-24,40.9,40.99,40.6,40.87,16168912.0,T
2016-08-25,40.87,41.18,40.75,41.07,16903671.0,T
2016-08-26,41.13,41.29,40.6,40.68,17859484.0,T
2016-08-29,40.8,41.05,40.72,41.0,12944928.0,T
2016-08-30,41.14,41.14,40.73,40.89,11217626.0,T
2016-08-31,40.95,41.05,40.66,40.88,18740526.0,T
2016-09-01,40.85,41.0,40.65,40.96,15706888.0,T
2016-09-02,41.09,41.38,40.74,40.95,19066997.0,T
2016-09-06,41.02,41.36,40.81,41.23,15532736.0,T
2016-09-07,41.26,41.34,40.99,41.27,13531348.0,T
2016-09-08,41.27,41.39,41.05,41.19,13524514.0,T
2016-09-09,40.98,41.075,39.68,39.71,38500118.0,T
2016-09-12,39.57,40.85,39.55,40.71,26864166.0,T
2016-09-13,40.45,40.46,39.77,39.97,25529490.0,T
2016-09-14,39.95,40.26,39.76,39.89,26539479.0,T
2016-09-15,39.8,40.62,39.62,40.45,22950495.0,T
2016-09-16,40.34,40.4085,39.9,40.2,41350621.0,T
2016-09-19,40.2,40.24,39.86,40.06,16182836.0,T
2016-09-20,40.16,40.43,39.88,39.96,14197793.0,T
2016-09-21,40.05,40.63,39.97,40.57,19130890.0,T
2016-09-22,40.73,41.19,40.7,41.11,22283255.0,T
2016-09-23,41.15,41.39,40.73,41.28,18867573.0,T
2016-09-26,41.28,41.41,41.11,41.14,16647231.0,T
2016-09-27,41.23,41.7,41.06,41.46,18440158.0,T
2016-09-28,41.01,41.07,40.58,40.85,26340209.0,T
2016-09-29,40.75,41.07,40.44,40.73,17046784.0,T
2016-09-30,40.91,41.04,40.6,40.61,19381624.0,T
2016-10-03,40.62,41.04,40.5,40.77,16581726.0,T
2016-10-04,40.72,40.76,39.71,39.9,33179916.0,T
2016-10-05,39.61,39.63,38.83,39.16,22600914.0,T
2016-10-06,39.13,39.2,38.91,39.11,15750590.0,T
2016-10-07,39.22,39.29,38.71,38.87,19171955.0,T
2016-10-10,38.93,39.2,38.21,39.01,19020705.0,T
2016-10-11,38.94,39.38,38.6,39.1,22314937.0,T
2016-10-12,39.15,39.485,39.06,39.33,17179912.0,T
2016-10-13,39.28,39.48,39.02,39.37,17546584.0,T
2016-10-14,39.41,39.575,39.22,39.22,13516996.0,T
2016-10-17,39.1,39.49,39.05,39.27,13885020.0,T
2016-10-18,39.23,39.45,39.15,39.36,16038459.0,T
2016-10-19,39.46,39.57,39.31,39.38,11711489.0,T
2016-10-20,39.05,39.08,38.5,38.65,31131452.0,T
2016-10-21,38.4,38.67,36.96,37.49,82764994.0,T
2016-10-24,36.51,37.33,36.3,36.86,100586152.0,T
2016-10-25,37.01,37.06,36.55,36.7,40486449.0,T
2016-10-26,36.64,36.77,36.27,36.43,32878669.0,T
2016-10-27,36.6,36.89,36.46,36.52,43182011.0,T
2016-10-28,36.65,36.81,36.44,36.51,23224073.0,T
2016-10-31,36.61,36.82,36.52,36.79,31383700.0,T
2016-11-01,36.97,37.19,36.4,36.56,27614238.0,T
2016-11-02,36.6,36.7,36.3,36.37,26048829.0,T
2016-11-03,36.56,36.99,36.385,36.63,25546912.0,T
2016-11-04,36.78,36.82,36.5,36.5,23256251.0,T
2016-11-07,36.79,36.87,36.64,36.81,21394359.0,T
2016-11-08,36.81,37.09,36.81,36.99,17810769.0,T
2016-11-09,36.97,37.53,36.43,37.44,34764352.0,T
2016-11-10,37.47,37.47,36.4,36.57,37997370.0,T
2016-11-11,36.51,36.57,36.3,36.51,25316779.0,T
2016-11-14,36.61,36.63,36.1,36.13,26128805.0,T
2016-11-15,36.16,36.77,36.14,36.77,20888751.0,T
2016-11-16,36.92,37.23,36.85,37.15,20835680.0,T
2016-11-17,37.3,37.69,37.27,37.41,21184898.0,T
2016-11-18,37.45,37.61,37.3,37.56,16982232.0,T
2016-11-21,37.67,37.74,37.46,37.74,17247420.0,T
2016-11-22,37.99,38.74,37.82,38.55,26151950.0,T
2016-11-23,38.42,38.97,38.41,38.73,24566485.0,T
2016-11-25,38.77,39.21,38.73,39.21,10844449.0,T
2016-11-28,39.18,39.67,39.175,39.54,26656518.0,T
2016-11-29,39.58,39.6311,39.27,39.48,19857210.0,T
2016-11-30,39.21,39.21,38.62,38.63,32679291.0,T
2016-12-01,38.63,38.91,38.16,38.88,27398387.0,T
2016-12-02,38.84,39.12,38.47,38.61,16102161.0,T
2016-12-05,38.7,38.98,38.63,38.63,20773441.0,T
2016-12-06,38.78,39.415,38.695,39.35,23569775.0,T
2016-12-07,39.49,40.49,39.435,40.45,32963365.0,T
2016-12-08,40.25,40.75,40.19,40.41,21999139.0,T
2016-12-09,40.28,40.42,40.17,40.38,17105180.0,T
2016-12-12,40.56,41.355,40.53,41.12,31909648.0,T
2016-12-13,41.27,41.56,41.22,41.36,21159925.0,T
2016-12-14,41.3,41.55,40.93,41.1,26333353.0,T
2016-12-15,40.9,41.68,40.85,41.5,24486628.0,T
2016-12-16,41.65,41.75,41.42,41.67,27954545.0,T
2016-12-19,41.67,42.18,41.45,42.12,20563919.0,T
2016-12-20,42.17,42.76,42.14,42.47,21164413.0,T
2016-12-21,42.42,42.57,42.33,42.36,13752986.0,T
2016-12-22,42.24,42.78,42.16,42.72,17560579.0,T
2016-12-23,42.79,42.8,42.47,42.73,9645385.0,T
2016-12-27,42.73,42.84,42.52,42.65,11432741.0,T
2016-12-28,42.65,42.82,42.47,42.52,11026941.0,T
2016-12-29,42.53,42.8,42.53,42.66,12389183.0,T
2016-12-30,42.76,42.83,42.45,42.53,16674019.0,T
2017-01-03,42.69,43.03,42.52,43.02,26006613.0,T
2017-01-04,42.94,43.0,42.71,42.77,23203010.0,T
2017-01-05,42.85,42.89,42.53,42.65,25711211.0,T
2017-01-06,41.98,42.0,41.21,41.32,32687866.0,T
2017-01-09,41.29,41.395,40.8,40.8,25484735.0,T
2017-01-10,40.66,41.06,40.24,40.81,21521928.0,T
2017-01-11,40.38,40.7,40.28,40.61,24536368.0,T
2017-01-12,40.57,41.11,40.5,41.01,19900273.0,T
2017-01-13,40.92,41.18,40.79,40.96,13932163.0,T
2017-01-17,41.0,41.14,40.76,41.11,22535807.0,T
2017-01-18,41.15,41.24,40.775,40.8,19476461.0,T
2017-01-19,40.89,41.02,40.71,41.0,16693296.0,T
2017-01-20,41.33,41.87,41.29,41.45,25164892.0,T
2017-01-23,41.46,42.07,41.39,42.0,25211309.0,T
2017-01-24,41.4,41.74,41.05,41.36,28700959.0,T
2017-01-25,41.33,41.47,40.89,41.39,21460549.0,T
2017-01-26,41.17,41.85,40.96,41.77,28137256.0,T
2017-01-27,41.98,42.3,41.75,42.01,19017620.0,T
2017-01-30,41.94,42.13,41.66,41.82,15876087.0,T
2017-01-31,41.68,42.19,41.58,42.16,25405353.0,T
2017-02-01,42.28,42.46,41.86,42.06,32082528.0,T
2017-02-02,42.02,42.07,40.95,41.18,29154279.0,T
2017-02-03,41.48,41.52,41.2,41.25,19151025.0,T
2017-02-06,41.27,41.27,40.98,41.06,11374910.0,T
2017-02-07,41.08,41.17,40.82,41.12,17312056.0,T
2017-02-08,41.17,41.32,41.07,41.21,15688281.0,T
2017-02-09,41.27,41.43,41.13,41.31,11362445.0,T
2017-02-10,41.25,41.43,41.2,41.38,12135621.0,T
2017-02-13,40.82,41.14,40.49,40.65,34361092.0,T
2017-02-14,40.47,40.78,40.41,40.75,19705296.0,T
2017-02-15,40.66,41.14,40.56,41.12,23322451.0,T
2017-02-16,41.12,41.36,41.03,41.25,16579673.0,T
2017-02-17,41.17,41.535,40.79,41.48,24156415.0,T
2017-02-21,41.37,41.75,41.32,41.73,17504381.0,T
2017-02-22,41.68,41.78,41.45,41.59,15656507.0,T
2017-02-23,41.69,41.99,41.54,41.95,19218542.0,T
2017-02-24,42.11,42.36,42.04,42.36,17043175.0,T
2017-02-27,42.3,42.3,41.73,41.82,17338483.0,T
2017-02-28,41.73,41.87,41.64,41.79,19338619.0,T
2017-03-01,41.78,42.18,41.56,42.04,23900989.0,T
2017-03-02,41.9,42.1,41.84,42.07,13183187.0,T
2017-03-03,42.05,42.06,41.76,42.01,17248209.0,T
2017-03-06,41.83,42.0,41.71,41.96,14177020.0,T
2017-03-07,41.9,41.99,41.715,41.88,16250878.0,T
2017-03-08,41.88,41.88,41.68,41.77,17881049.0,T
2017-03-09,41.86,42.13,41.75,41.94,17672624.0,T
2017-03-10,42.03,42.43,42.02,42.35,19734281.0,T
2017-03-13,42.22,42.42,42.18,42.37,14884180.0,T
2017-03-14,42.38,42.44,42.05,42.09,10063834.0,T
2017-03-15,42.14,42.64,42.09,42.59,21055944.0,T
2017-03-16,42.6,42.66,42.34,42.44,14601773.0,T
2017-03-17,42.59,42.65,42.37,42.61,24748927.0,T
2017-03-20,42.61,42.7,42.32,42.42,11851848.0,T
2017-03-21,42.45,42.51,42.0,42.08,20299031.0,T
2017-03-22,42.1,42.12,41.46,41.65,18547120.0,T
2017-03-23,41.63,41.91,41.41,41.65,14660394.0,T
2017-03-24,41.76,41.89,41.54,41.68,14202031.0,T
2017-03-27,41.59,41.75,41.38,41.49,13185156.0,T
2017-03-28,41.41,41.61,41.26,41.56,15586112.0,T
2017-03-29,41.54,41.75,41.4,41.45,14104170.0,T
2017-03-30,41.39,41.829,41.3267,41.76,14773877.0,T
2017-03-31,41.79,41.89,41.55,41.55,17533497.0,T
2017-04-03,41.6,41.77,41.37,41.57,17979634.0,T
2017-04-04,41.57,41.705,41.4,41.69,12552672.0,T
2017-04-05,41.72,41.74,41.47,41.51,19955782.0,T
2017-04-06,41.05,41.08,40.6,40.6,20492316.0,T
2017-04-07,40.6,40.86,40.521,40.59,20333031.0,T
2017-04-10,40.6,40.68,40.31,40.38,18215046.0,T
2017-04-11,40.38,40.39,40.07,40.31,19610735.0,T
2017-04-12,40.21,40.57,40.07,40.56,22195768.0,T
2017-04-13,40.51,40.76,40.25,40.28,17556190.0,T
2017-04-17,40.3,40.49,40.22,40.3,12118645.0,T
2017-04-18,40.22,40.43,40.18,40.25,15920226.0,T
2017-04-19,40.32,40.4484,40.19,40.25,23799483.0,T
2017-04-20,39.99,40.51,39.92,40.36,21715734.0,T
2017-04-21,40.23,40.36,39.81,39.93,23898137.0,T
2017-04-24,40.1,40.15,39.86,40.02,24033786.0,T
2017-04-25,40.08,40.25,39.69,39.94,38377803.0,T
2017-04-26,40.02,40.56,39.85,40.44,34352326.0,T
2017-04-27,40.37,40.4,39.88,39.91,22646071.0,T
2017-04-28,39.88,40.06,39.52,39.63,24994983.0,T
2017-05-01,39.68,39.7,39.06,39.1,24748640.0,T
2017-05-02,39.14,39.22,38.88,38.95,24852467.0,T
2017-05-03,38.94,38.98,38.15,38.4,33742695.0,T
2017-05-04,38.41,38.41,37.63,38.01,31447920.0,T
2017-05-05,38.08,38.71,38.03,38.56,21829161.0,T
